"","ID","Gender","Age","FM_Per.ACC","FM_EFF2","SS_ACC","SS_EFF","CB_PerCorrect","CB_EFF","SE_P","PAV","PAp","MG_P","SE_S","TV","MG_S","PostScore","PreScore","DoB","Certificate"
"1","4219","Male",13.120218579235,97.66,47.14,86.11,12.81,68.75,10.0582547514863,1.24050976156106,1.7170759919448,1.77492486922034,1.09593808952923,0.954633848743219,0.669801970703643,0.899296515317599,6,9.5,"2007-01-25","IB"
"2","4224","Female",12.5775731716446,96.88,51.85,76.85,23.33,55.5555555555556,7.2506010748291,0.66958983839888,0.0542521466330295,0.485808939884523,0.432625736984657,0.446503760370459,0.699867864155713,0.358041742245193,8,3.5,"2007-08-11","IB"
"3","4229","Female",12.4460663223295,90.63,27.13,94.44,42.36,47.8260869565217,6.50485875317448,1.24050976156106,1.7170759919448,1.77492486922034,1.09593808952923,0.778624557468589,0.612361720940821,0.698335483337959,10,9,"2007-09-28","IB"
"4","4230","Female",13.3172991990418,53.13,171.58,77.67,49.59,61.5384615384615,11.8870396906398,0.390381123436307,1.25855440502761,0.761675205872058,-1.77557937962167,0.672764238663077,-0.0179861737964614,0.13711767764309,14,8.5,"2006-11-14","IB"
"5","4232","Male",13.4762033086309,93.75,52.73,78.7,69.68,54.8387096774194,10.0235258046828,-0.162785889013803,-0.00193245981377124,0.417496516698118,-0.0174488937577568,-0.351003351282885,-0.194091477972615,-0.588401395770294,12,8,"2006-09-17","IB"
"6","4235","Male",12.9008608428775,98.44,75.16,93.52,29.4,65.3846153846154,8.97610864259496,0.335480864424464,0.551000086214245,0.724433244580487,0.354239385830545,-0.000152919570038099,0.518911074347604,-0.142152056108413,8,4,"2007-04-15","IB"
"7","4236","Male",12.3364772812336,92.19,51.64,86.11,28.21,46.6666666666667,11.3753757936646,0.514987166327833,0.405192160427595,1.19592646802299,0.300417603925463,-0.272768145269553,-0.337211449354634,-0.389501598672413,7,7,"2007-11-07","IB"
"8","4240","Male",14.292349726776,94.53,81.82,91.67,97.75,62.0689655172414,7.77779511511257,-1.31666029500038,0.65857446875566,0.572943341832966,-1.71439748890997,-1.18649011302832,-2.07690702676355,-1.75755386981057,6.5,3,"2006-01-01","IGCSE (British)"
"9","4241","Male",12.7800658731941,93.75,56.82,89.81,49.28,57.6923076923077,10.0308862131933,0.576013333204498,-0.556158934401216,-0.975604411425122,0.768385247605594,1.24132435142007,1.22711383213452,1.00422287750467,14,12,"2007-07-01","IGCSE (British)"
"10","4242","Male",12.4512987499064,96.88,53.22,93.46,88.38,42.1052631578947,3.06694077449839,-0.612658125199969,0.821897292913676,0.185171296458103,-0.679219021983132,-2.99274816398913,-3.46546886290522,-3.56269960376151,3,9.5,"2007-10-29","IGCSE (British)"
"11","4243","Female",13.423856576091,93.75,61.42,73.15,96.69,65.5172413793103,9.30392228621855,-0.260228376000509,0.206043902222,-0.119391770587057,-0.160427654832128,-0.735393077431667,-0.613879455993296,-0.729150182021214,12,14,"2006-11-14","IGCSE (British)"
"12","4244","Male",12.9581480649749,75.78,58.66,95.37,57.21,48.2758620689655,6.04014539492843,-0.298977332074948,0.75947971112071,0.122624189687549,-0.456117964645478,-0.717832968177611,-0.175788838431351,-0.536642658299147,7,6,"2007-04-27","IGCSE (British)"
"13","4245","Female",13.6072984504828,100,56.87,93.52,80.4,71.875,6.37231471380718,0.732107228194499,0.493655476139211,-0.174696921741065,0.544896459547589,0.149574581959463,-0.208099282339474,-0.10315610542393,11,15,"2006-09-24","IGCSE (British)"
"14","4247","Male",13.0601092896175,96.09,59.58,96.3,94.73,62.5,6.1161181731889,0.637550147857094,-0.803047139560904,-1.09036653026755,0.121387817795499,0.906920510326873,0.0773868979615422,0.339085215915581,13,8.5,"2007-03-21","IGCSE (British)"
"15","4248","Female",13.6320757541732,98.44,87.5,96.7,72.65,75,7.11825397139253,0.448773460727284,-0.313846249486999,-0.197276517832851,0.498671903726627,0.738531970419482,1.58763962732862,1.37963914862251,12,11,"2006-08-30","IGCSE (British)"
"16","4249","Female",13.9416647952691,96.85,102.64,90.48,85.94,51.8518518518518,8.82005644836127,0.421373963305585,0.136204792214545,0.423594488807277,0.505549254460829,0.274277074895162,0.410682768265141,-0.157652158990946,14.5,12.5,"2006-05-09","IGCSE (British)"
"17","4257","Female",12.4869151882626,94.53,70.28,90.74,152.29,67.741935483871,7.16163817357765,0.455163040304896,0.326766785868963,0.79542904567527,0.275222166376903,0.876835613713928,-0.685045912065127,-0.395396716772976,10,6,"2007-10-16","IGCSE (British)"
"18","4258","Male",14.478651096639,71.88,30.07,100,47.27,53.3333333333333,6.37120216620874,-0.0680813295939825,1.65817502311461,1.75293471279289,0.21206071404827,0.365499103223046,0.692928007969045,0.389045987519778,7,11.5,"2005-10-25","IGCSE (British)"
"19","4259","Female",12.5937645033311,98.44,53.88,78.7,74.09,43.4782608695652,3.61607678811381,0.857109168502157,0.408213599157126,0.631710862777093,0.92323738509392,0.655811331508427,1.22574644628133,0.645905543205924,12,8,"2007-09-07","IGCSE (British)"
"20","4260","Male",15.3306010928962,97.66,76.96,90.63,113.19,63.3333333333333,12.5602351999722,0.275648480634205,-0.31141285943628,-0.45767270941373,0.0569345536055061,0.90109727664705,0.69718756330254,0.673446739570882,10,9.5,"2004-12-19","IGCSE (British)"
"21","4261","Female",13.0874316939891,89.06,96.59,85.19,166.75,65.625,8.64039047511567,0.176065534032537,-0.121283000341495,0.326353183819992,0.205129429640727,0.0183781545205334,-0.440167804069749,-0.239748206125126,14,16,"2007-03-11","IGCSE (British)"
"22","4267","Female",12.7499288868927,94.53,55.74,84.26,116.47,60.7142857142857,7.55683577243936,0.385723267551561,0.36407107011115,1.01234301084684,-0.271386654217625,-0.107034365071947,0.92249273054714,0.582752147064261,11,10,"2007-07-12","IGCSE (British)"
"23","4268","Female",13.2568306010929,99.22,76.51,87.04,69.68,68.75,6.06637922390454,-0.570475269803927,0.30450718403921,-0.329695831102602,-0.702247492434216,-0.577262564718582,0.453791220021207,0.205033204790062,13,11.5,"2007-01-14","IGCSE (British)"
"24","4269","Female",13.7115278089677,95.31,76.05,95.37,75.9,42.3076923076923,5.4255175091763,-0.147575059620635,1.14476139028705,0.636835171689155,-0.282324329101838,0.127054578123067,-0.586682928885474,-0.415417086410192,6.5,7.5,"2006-08-01","IGCSE (British)"
"25","4271","Male",14.2896174863388,97.66,80.18,84.26,97.17,71.875,7.69353382478871,0.484153490845276,-0.0971273311130676,-0.216947908436499,0.371393922000509,-0.702603312246667,0.330127974642185,0.292140298246857,15,13,"2006-01-02","IGCSE (British)"
"26","4273","Male",12.9718466951119,93.75,46.58,98.15,57.02,65.625,7.80228272500297,0.94301989218959,-0.087124434004793,-0.0329001389144511,0.37683876820618,0.312338427523404,0.557073302853732,0.564221077730742,13,14,"2007-04-22","IGCSE (British)"
"27","4275","Male",13.0437158469945,84.38,112.73,5.56,17.34,65.5172413793103,8.58205850539053,0.582874752149278,0.479084136989606,0.05768437802715,0.299437983172654,0.532625300219718,0.794560435419203,0.681346188983145,13,14,"2007-03-27","IGCSE (British)"
"28","4276","Male",12.475956284153,93.65,74.13,91.67,159.61,59.375,7.8827569822448,0.408364320370693,-1.17550045869981,-0.938321616351801,0.4585055216793,-0.15038301547653,0.661109736288316,0.330243855244058,13,15,"2007-10-20","IGCSE (British)"
"29","4277","Male",13.0573770491803,96.88,68.56,90.74,135.18,71.875,1.55240059236555,-0.228216848267421,-0.636144814481965,-0.458062978235864,-0.433337782741008,-0.0926006478031798,-0.862251046371348,-0.551242284983916,12,8.5,"2007-03-22","IGCSE (British)"
"30","4278","Male",13.5909499214013,97.66,119.12,94.44,79.3,60,8.31953164118168,-0.650190622623976,-0.931082992168062,-0.880028450155217,-1.0513925895244,-1.3466594583496,-0.998670509081626,-1.20650716890446,11,11.5,"2006-09-18","American Diploma"
"31","4279","Male",13.4620929710308,94.53,59.4,84.26,65.28,50,5.91615521933502,0.59474882512831,0.531451250680687,0.25667651651144,0.805626045722252,-0.221534406122318,-0.564703687482485,-0.56156571846263,14,24,"2006-11-16","IGCSE (British)"
"32","4279","Male",13.4620929710308,94.53,59.4,84.26,65.28,50,5.91615521933502,0.59474882512831,0.531451250680687,0.25667651651144,0.805626045722252,-0.221534406122318,-0.564703687482485,-0.56156571846263,14,24,"2006-11-16","IGCSE (British)"
"33","4279","Male",13.4620929710308,94.53,59.4,84.26,65.28,71.875,8.5044731277941,0.59474882512831,0.531451250680687,0.25667651651144,0.805626045722252,-0.221534406122318,-0.564703687482485,-0.56156571846263,14,24,"2006-11-16","IGCSE (British)"
"34","4284","Female",12.4184220375777,95.31,37.57,83.33,59.88,55.1724137931034,7.38722506393124,-0.965963077554333,-0.255173171722418,-0.144873909562309,-0.890884878927004,-0.432111357093367,-0.74517059718829,-1.10372473541277,6,7,"2007-11-10","IGCSE (British)"
"35","4286","Female",12.4266412156599,100,42.52,93.52,83.47,53.5714285714286,8.71524167946193,-0.902336542085438,-1.63793001644729,-1.4551347001577,-0.590046912466208,-0.749025233030475,-0.946146867562899,-0.895128628286038,11.5,11.5,"2007-11-07","IGCSE (British)"
"36","4287","Female",13.172131147541,98.44,67.93,77.78,55.54,62.5,5.82015262768251,-0.118662307750232,-0.733108601344537,-0.352173080687563,0.574954623566854,0.695242171034526,0.764105450375817,0.197217095861354,9,7,"2007-02-08","IGCSE (British)"
"37","4288","Male",14.8265738453477,98.44,82.45,89.81,105.44,71.875,9.73405602105647,0.313237991953559,0.00250707901336394,-0.383072044003127,0.047300453552817,0.36213677567794,0.457304866511678,0.190242720709249,13,12,"2005-06-23","American Diploma"
"38","4289","Female",12.9718466951119,92.97,42.4,43.52,11.79,66.6666666666667,7.44987167596038,-0.550783676892736,0.602947607126387,0.985700986431774,-0.180316421468644,-0.323312321648426,-0.448003137549519,-1.05223436824946,7,6,"2007-04-22","IGCSE (British)"
"39","4293","Male",13.120218579235,85.43,58.81,85.12,113.82,39.1304347826087,5.09615933614031,-0.0124702729600786,0.521956177827025,0.965470997800136,0.0106198889142051,-0.476832472299389,-0.384014299963767,-0.480755062271614,8,6,"2007-03-09","American Diploma"
"40","4293","Male",13.120218579235,85.43,58.81,85.12,113.82,15,1.95352774552045,-0.0124702729600786,0.521956177827025,0.965470997800136,0.0106198889142051,-0.476832472299389,-0.384014299963767,-0.480755062271614,8,6,"2007-03-09","American Diploma"
"41","4295","Male",13.4209297103077,87.5,83.95,78.7,152.43,50,6.64313888312228,0.963611622642143,-0.41636880162102,-0.433555530735956,0.449074040990039,-1.53156270314886,-1.22181633403279,-1.27482610764624,15,12.5,"2006-12-10","IGCSE (British)"
"42","4297","Male",15.2267759562842,86.72,63.48,76.85,66.34,NA,NA,-0.429739307135514,0.718970289212795,0.140415495458766,-0.359936301271939,-0.42542549184802,-0.130865043463014,-0.408939806368089,6,5.5,"2005-02-22","Other?"
"43","4299","Male",12.1748633879781,96.88,43.43,93.52,75.04,60,5.0217609641781,0.367636097187264,0.784950230992328,1.1047654587048,-0.164968627180686,0.618850078985677,0.43102005153207,0.431953999719689,8,4,"2008-02-16","IGCSE (British)"
"44","4301","Female",12.3553409686354,100,74.83,94.44,114.91,62.5,6.71779355414273,1.0102750568225,0.637485555567377,0.391919250260169,0.509549565961176,0.25650156057818,0.704108327743681,0.858253399431947,8,10,"2007-12-12","IGCSE (British)"
"45","4302","Female",11.9453551912568,99.22,18.48,97.22,50.9,56.6666666666667,3.15523195321959,-0.435501937727649,0.294815879275305,0.389773370225085,-0.069658211437333,0.0326745285083719,0.127922448900791,0.204878243535456,13,4,"2008-05-11","IGCSE (British)"
"46","4304","Male",12.6402724754847,97.66,31.42,73.15,96,53.3333333333333,6.63262265817898,-0.349342950153338,0.609141865037614,0.588083652870503,0.0972016784693838,0.568359509041649,0.127433000201114,-0.0302736257276916,9,9,"2007-08-30","IGCSE (British)"
"47","4305","Female",13.8346433116251,98.05,52.05,79.59,109.94,58.6206896551724,7.93845760771911,-1.2052029276256,0.476949819324308,0.478329246887582,-1.12896998859937,-0.956738890392393,-1.09604087057189,-1.2831581870565,6,7,"2006-07-10","National"
"48","4305","Female",13.8346433116251,98.05,52.05,79.59,109.94,50,6.77103737128983,-1.2052029276256,0.476949819324308,0.478329246887582,-1.12896998859937,-0.956738890392393,-1.09604087057189,-1.2831581870565,6,7,"2006-07-10","National"
"49","4309","Male",13.3306834343888,97.66,86.17,87.96,123.33,58.0645161290323,8.36189237883192,1.17643117485322,-0.123593819988718,-0.235448801433027,1.01435759363536,1.05891537622102,1.66967195326176,1.53885793386353,14,9,"2006-12-21","IGCSE (British)"
"50","4313","Female",12.4923272700052,96.09,35.76,80.77,91,75,8.01530796594385,-0.794252788941518,-0.453023103123521,-0.235868244595787,-0.863652304263628,-1.16777133727552,-0.533326833262542,-1.06613104834178,10,9,"2007-10-23","IGCSE (British)"
"51","4314","Male",14.6072460513511,99.22,72.66,91.67,105.79,75,6.52661044112635,0.0271792762012921,-0.532810790755796,-0.0570539223782348,0.219012117669966,-0.461930543316133,-0.822330464980532,-0.160147165020125,13,7,"2005-10-01","Other?"
"52","4315","Male",13.8347930234299,92.19,55.61,92.59,85.71,65.5172413793103,4.94780273699838,1.17616986321067,-0.118205687285142,-0.206075362875269,1.01574654951723,0.769896139259704,0.345738445241405,0.647363908675246,12,12.5,"2006-06-20","IGCSE (British)"
"53","4318","Female",12.2841530054645,86.72,57.61,77.78,88.3,64.5161290322581,5.98499292947898,-0.275679171498921,-0.0648475523762034,-0.0452808203136728,-0.458465013553613,-0.873709622544628,0.109506199518446,-0.419991234182864,4.5,7,"2008-01-07","IGCSE (British)"
"54","4319","Female",11.5901639344262,95.31,39.51,35.19,20.79,53.125,4.18247032616901,-0.232153480707747,0.928985272380174,1.03589843812957,0.120177497971044,-0.0324227372591959,-0.00605838448127946,0.0744946929782403,7.5,8,"2008-09-18","IGCSE (British)"
"55","4321","Female",12.1912568306011,95.31,65.49,76.85,125.29,72.4137931034483,9.29590771376952,-0.282914100134872,-0.843170590334438,-1.10347498506607,-0.433983065986238,-0.588244025822079,-0.256526080354122,-0.464434616133332,7,7,"2008-02-10","IGCSE (British)"
"56","4322","Female",12.0437158469945,96.09,84.59,81.48,118.61,71.875,9.36227509302102,-0.571015313651722,0.312214199143274,-0.128233483364102,-0.264948059276463,-0.133433912318991,0.986067972594236,0.39275009538841,13,5.5,"2008-04-05","IGCSE (British)"
"57","4324","Male",15.103825136612,95.31,88.84,97.22,55.31,70,10.4599533215689,0.580632360242487,0.118524820096996,0.392517849597281,0.819046906541876,0.86905682380868,1.619685742039,1.44256083750767,16,15.5,"2005-03-21","IGCSE (British)"
"58","4327","Male",15.1994535519126,93.75,88.31,91.67,151.9,66.6666666666667,9.34944242262752,0.478277377585998,0.453654454011983,0.566134737043273,0.338598892085937,0.0959636422180839,0.322164941864595,0.483706188502066,14,12,"2005-02-14","IGCSE (British)"
"59","4328","Male",15.0218579234973,98.44,76.32,83.33,116.92,65.625,6.10743772352391,0.265858759972875,-1.07745527109841,-0.675305035350227,-0.546000256656622,0.64636199555582,0.191231334555699,0.667612810657158,14,14,"2005-04-20","IGCSE (British)"
"60","4335","Female",13.3114754098361,91.41,98.89,85.19,152.4,78.125,6.28060917688446,-0.597109536766109,0.765686550121637,0.523990386449299,-0.468662696337932,-0.224205247440284,-0.488442983097618,-0.647177554705822,3.5,11,"2007-01-10","IGCSE (British)"
"61","4339","Female",14.6374803503256,94.53,74.58,92.59,132.65,75,5.46997742114876,0.130558343765066,-0.181491735413163,-0.0317989106963911,-0.211535958326169,-0.421527958367024,-0.0407027374424665,-0.136106102234292,11,7,"2005-09-07","IGCSE (British)"
"62","4341","Male",13.5716820121267,90.63,104.62,88.89,169.95,65.625,9.55114388484223,0.404669667557109,0.84064698693636,-0.191440211944952,-0.0215667560099541,0.820063958563119,0.312982860128197,0.0733549333454761,15,11,"2006-10-07","National"
"63","4342","Female",14.7963844599147,100,63.18,98.15,60.14,68.75,4.63674014941799,-0.239680414127649,-0.380105015632445,-0.919832587542994,0.153651158999559,0.364262401715307,0.345515485686674,0.180637472349803,14,14.5,"2005-07-11","IGCSE (British)"
"64","4343","Female",13.9662474736133,96.88,75.16,79.63,101.13,71.875,6.90110417666827,0.960155679060275,-0.401452297660639,-0.945587582014454,0.387877471293287,0.890261221201725,1.37459672903815,1.32873055384692,10,5,"2006-05-10","IGCSE (British)"
"65","4344","Female",15.483606557377,90.63,96.41,87.96,211.19,71.875,10.6066098628239,0.901622011922423,-0.297652886209331,-0.723314429690124,0.214952857804531,0.804625846245098,-0.221640817832032,-0.000600120975546975,14,14,"2004-11-09","American Diploma"
"66","4348","Female",15.1338797814208,88.28,59.62,92.59,70.94,58.0645161290323,9.46618322907871,0.57871234254685,0.0455615094575257,0.367139665627093,0.819148281854359,0.289391020613046,-0.309513081822129,0.181859416873483,8,9,"2005-03-10","IGCSE (British)"
"67","4350","Male",13.8867430196871,92.19,84.47,77.78,144.35,62.5,6.29684855323608,-0.758189103258661,0.44656223372994,0.101464695264828,-0.509401670602438,0.190853455008708,-0.907719964377795,-0.62601371850031,14,10,"2006-06-15","IB"
"68","4352","Male",14.7169324051201,98.44,71.03,87.74,118.57,65.625,8.19220206391478,-0.210488535602014,0.565663140069354,0.0921840545269848,0.1097631008538,1.50411941885496,1.80356089543206,1.78631270699341,1,14,"2005-08-09","IGCSE (British)"
"69","4355","Male",15.3524590163934,98.44,65.02,96.3,107.28,70,8.77480972989106,-1.00196379857002,0.164277307072584,-0.0690799465682441,-0.462971975430869,-0.554570770664421,-1.03253522365188,-0.709675357499783,13,14.5,"2004-12-21","IGCSE (British)"
"70","4356","Male",14.5278913092297,99.22,62.4,98.15,34.56,62.5,4.61273335818059,-0.333848936118276,0.903450103836626,0.698152940526509,0.262375286947806,-0.272541734480501,-0.0355316429748415,0.121657145623823,9,10,"2005-10-17","IGCSE (British)"
"71","4357","Male",14.7114529530653,97.66,69.81,70.37,201.61,56.25,9.47040556719545,0.0112042999528884,1.49735499481467,1.42808376765717,0.177967570346085,0.00785662076893288,-0.37080220125197,-0.313294668350057,8,8,"2005-08-11","IGCSE (British)"
"72","4360","Male",15.0300546448087,97.66,63.21,90.74,92.37,54.8387096774194,6.85000341315049,-0.340862941757336,0.616109134344327,-0.00631886687764871,-0.900049895800508,-0.79412652998142,-1.55878728448971,-1.30436854946777,8,9.5,"2005-04-24","American Diploma"
"73","4362","Male",15.5327868852459,98.44,101.61,92.59,132.97,78.125,8.69973363503546,-0.592821130475899,-0.118261700697825,-0.421668837822581,-0.401818839832341,-0.579131947254778,0.0759575891423923,0.0985449483403178,11,10,"2004-10-16","IGCSE (British)"
"74","4363","Female",14.7635077475859,98.44,70.46,99.07,47.22,64.2857142857143,5.76800650574166,0.612702870327712,1.68610032954591,1.7702137702705,0.855779790488828,0.667115368844555,0.192763036556031,0.325083097476198,13,15,"2005-07-23","IGCSE (British)"
"75","4364","Female",15.1174863387978,96.09,55.68,88.89,114.27,68.75,3.62444734666491,-0.0849734814574709,-0.212108930838838,-0.489496859750157,-0.414746441347681,-0.368523083530975,-0.596841890620121,-0.930266684610553,14.5,16,"2005-03-16","IGCSE (British)"
"76","4372","Male",14.771629612995,93.75,70.75,75,136.23,65.625,6.19306870626935,0.424142959130543,0.189105737282665,0.398869131690458,0.116873322415144,-0.45976035669435,-0.338089692458146,-0.790902619318792,9,6,"2005-08-02","National"
"77","4373","Female",14.6018639119695,97.66,130.97,75.93,41.57,68.75,9.55838673390715,-0.694582997668376,0.050626169026535,0.49819519713136,0.41925968076721,-0.274951378035942,0.340621184405228,0.613641962242476,15,14,"2005-09-20","IGCSE (British)"
"78","4374","Male",15.7950819672131,93.75,96.66,82.41,66.83,59.375,10.6260478872709,-1.09869993479643,0.639264978414908,-0.303688142240824,-0.608754343454503,-0.708715000878478,-0.201849741983501,-0.636135479363325,15,13,"2004-07-25","National"
"79","4376","Male",13.4730893030915,96.09,65.64,83.33,79.4,43.75,3.56938892061679,1.21697468821941,0.86468199025711,0.469924192202027,1.03889848863904,0.502734000344555,0.644650397590131,0.650618935972184,10,9,"2006-11-07","IGCSE (British)"
"80","4382","Female",13.1010928961749,76.56,59.81,79.63,16.34,60.8695652173913,6.89035120670171,-0.389295496978682,0.465502255746192,0.687493849465388,-0.178889670884858,-0.819351542845969,-0.84821396105187,-0.883684128732549,7.5,6.5,"2007-03-23","IGCSE (British)"
"81","4382","Female",13.1010928961749,76.56,59.81,79.63,16.34,62.5,7.07491418545264,-0.389295496978682,0.465502255746192,0.687493849465388,-0.178889670884858,-0.819351542845969,-0.84821396105187,-0.883684128732549,7.5,6.5,"2007-03-23","IGCSE (British)"
"82","4383","Male",13.3744591661052,73.44,84.8,81.48,127.78,71.875,5.05222993395618,0.0630440812125152,-0.758942269193924,0.0810181328919444,0.652938409166027,0.383934833009639,0.890762696695098,0.96183263873048,6,7.5,"2006-12-13","IGCSE (British)"
"83","4390","Male",13.5963769743244,89.84,88.59,89.81,167.58,60.7142857142857,8.83842863137085,0.333661095540599,-0.130368321923277,-0.542336658654011,0.121733180376223,-0.455375096896891,0.0341511757729344,-0.24858237316152,13,12,"2006-09-23","IGCSE (British)"
"84","4394","Female",13.6128153304888,94.53,85.39,81.48,165.83,66.6666666666667,7.05822150463637,1.19217205281161,0.322883772598282,0.214022363575232,1.03174440846407,1.10259450413856,1.03618359085878,1.24096289063476,12,12,"2006-09-17","IGCSE (British)"
"85","4400","Female",12.9278763380493,96.88,50.19,64.81,59.5,57.6923076923077,7.97141344851849,-0.300158458003048,-0.0934057151478272,-0.559379257874039,-0.300663931461994,-0.525019324416371,-0.264616812151549,-0.403312839910683,5.5,5.5,"2007-05-26","IGCSE (British)"
"86","4407","Male",12.9333557901041,97.66,77.53,84.26,86.83,62.0689655172414,9.90470996471906,0.432083994135948,0.249066718327682,-0.253760184072746,0.479664092359112,0.0117640799979328,0.0641291947387905,-0.300892067622649,11,7.5,"2007-05-24","IGCSE (British)"
"87","4408","Female",13.0601092896175,96.09,52.74,92.59,105.8,59.375,6.1528161831678,-0.229415834295787,-0.951979463320224,-0.71853655076057,-0.526539888960202,-0.602962084915957,-1.09427690387173,-0.815168080387246,12.5,4.5,"2007-04-08","IGCSE (British)"
"88","4413","Female",12.9223968859945,98.44,61.71,89.81,130.07,58.0645161290323,7.22919792718368,-0.0847736874618803,-0.338018124318484,-0.633421256584245,-0.569005368772134,-0.416557530583905,-1.33201673671896,-0.58539643185231,14,13,"2007-05-28","IGCSE (British)"
"89","4419","Male",13.1256830601093,94.14,60.51,93.52,74.98,62.0689655172414,8.05517706789541,0.677936252164989,0.261638602413243,-0.733221925357633,0.79300593238209,0.92953625280533,0.330779827398817,0.8979747877183,7,5,"2007-03-29","IGCSE (British)"
"90","4419","Male",13.1256830601093,94.14,60.51,93.52,74.98,68.75,8.92222737728693,0.677936252164989,0.261638602413243,-0.733221925357633,0.79300593238209,0.92953625280533,0.330779827398817,0.8979747877183,7,5,"2007-03-29","IGCSE (British)"
"91","4421","Male",12.8296279661651,99.22,50.35,95.37,29.56,38.0952380952381,6.17802361163399,-0.202542668293802,-0.924330870297378,-0.596762335520679,0.323043805835408,0.0423243532040047,0.00205508034519739,-0.234097475304593,8,2,"2007-05-11","IB"
"92","4423","Male",13.6511640092821,95.31,78.91,76.85,113.32,68.75,7.41974412307209,0.23473722074172,-0.00366575093882948,-0.0892561776157982,0.681391993762344,0.157647085808488,1.25792293990327,1.04327822830355,13,13,"2006-09-04","IGCSE (British)"
"93","4428","Male",13.4402051051725,89.06,79.95,91.67,58.48,65.625,9.46098555579965,-0.699934865533081,0.869671076702553,0.860549256976349,-0.402498108849456,0.230863523454967,-0.260413550713778,0.0222889684289354,14,15,"2006-11-20","IGCSE (British)"
"94","4430","Female",14.3689722284602,98.44,114.39,93.52,96.73,65.625,10.4685743368479,1.03879382891983,-0.280925236217887,-0.605950431706907,0.631212484050043,0.243855556129768,-0.160413282996685,-0.234509311353043,13,11,"2005-12-16","IGCSE (British)"
"95","4431","Female",14.3689722284602,96.09,90.63,89.81,107.72,62.5,10.8079131216712,-0.867159817918713,-1.63630232025034,-1.46878898968116,-0.844443354250578,-0.892849727031421,0.074485425026942,-0.652867914035398,12,10.5,"2005-12-16","IGCSE (British)"
"96","4432","Female",13.3251366120219,98.44,35.87,97.22,36.29,37.5,1.66225246290407,-0.977583187290342,-0.283325935154681,-0.318237400106852,-0.534680353374648,-0.970279066043442,-1.11063343880802,-1.20465960646918,12,10,"2007-01-01","IGCSE (British)"
"97","4433","Male",13.0874316939891,92.97,68.36,90.74,79.7,67.741935483871,7.74079806048249,0.456822603426848,-0.147617268561552,-0.844972796948089,0.723203962424927,0.729400180967652,0.509945721960588,0.911267969725168,14,13,"2007-03-29","IGCSE (British)"
"98","4435","Female",15.1475409836066,94.53,69.73,81.48,87.86,71.875,8.37160957724796,-0.940348794212674,-0.485175918371615,-0.29986875693885,-0.809802081519093,-1.15633172313393,-0.246084983528078,-1.04551011914913,12,12,"2005-03-07","IB"
"99","4436","Female",13.8237667490082,82.81,88.04,73.83,150.11,63.3333333333333,6.07198242657274,0.18500274890239,-0.38491885295787,-0.735870737463897,0.081063441075968,0.819011980302526,0.845945512810358,0.770551131541507,10,13,"2006-07-03","IGCSE (British)"
"100","4437","Female",13.7141777079123,97.66,35.83,89.81,72.9,78.125,6.19868480768804,-0.273249746080151,-0.473016736218765,-0.236413895263883,-0.147207243260801,0.618229130346074,0.841065721156457,0.726759842667071,12,8.5,"2006-08-12","IGCSE (British)"
"101","4440","Male",13.2021857923497,92.97,60.31,91.67,56.72,55.1724137931034,8.8595692518959,-0.461231247895628,-0.569268967402746,-1.01184046946748,-0.811692853580743,-0.699113193672881,-1.29026881317905,-1.23089552523379,9,8,"2007-02-15","IGCSE (British)"
"102","4447","Female",15.1639344262295,94.53,93.5,89.81,139.12,81.25,8.08476275765995,0.251787437984972,0.703957990832475,0.0831161493597573,0.6765087655181,0.62938616563781,0.609390250633879,0.666590089239866,11,11,"2005-03-01","American Diploma"
"103","4448","Female",14.388150310652,99.22,85.58,94.44,140.74,70,7.79419094177156,0.27909975096511,-0.509387889934752,-0.00783625057186261,0.14539023835271,0.262946438484784,0.53699834331771,0.101386179302145,14,14,"2005-12-09","IB"
"104","4449","Female",14.9415749681862,94.53,107.67,86.11,168.36,62.5,5.86394704621259,0.963413943427851,0.0580545076285096,0.372752880772502,0.455306777057421,0.0953141313779502,0.26259294628345,-0.665471380817242,14,9,"2005-05-21","American Diploma"
"105","4450","Female",14.6045886668164,99.22,88.97,93.52,100.98,62.5,8.04251595635166,-0.197284311470482,0.17698212285608,0.125487069246718,-0.296074053752625,-0.489405008531196,-1.04559876046542,-0.555534252839928,12,12,"2005-09-21","American Diploma"
"106","4451","Female",15.5983606557377,98.44,81.04,92.71,120.58,65.625,5.66137142293757,1.18213947585712,-0.0858729680553306,-0.439855374259489,1.00405549339358,0.308168878363633,1.49457124740196,1.19048839057735,10,10,"2004-09-24","American Diploma"
"107","4452","Female",14.9169174339397,96.09,54.71,100,31.41,56.25,5.77785640100891,0.994164377430761,-0.9739216274959,-0.573713828756281,0.607901806293263,-1.39069749545267,-0.72043606968334,-1.28287188233256,14,12,"2005-05-30","IB"
"108","4453","Female",15.4453551912568,96.09,57.08,89.62,154.02,70,8.12275864355456,-0.446571638905646,-1.14821227970632,-0.267664124112033,-0.894386695110085,-0.11931355625718,-0.113975320117659,-0.349502214700491,9,7.5,"2004-11-19","American Diploma"
"109","4454","Female",15.551912568306,71.09,59.11,92.59,52.36,62.0689655172414,9.06395628263654,-0.433064431010603,-0.437736000514436,-0.439661236567503,-0.874718344955867,-0.276803193661758,-1.14135562228849,-0.390015614862308,13,5.5,"2004-10-11","IB"
"110","4455","Female",15.1420765027322,99.22,84.29,87.96,157.33,62.5,9.77165594390288,-0.361036194315627,-1.0240375450362,-1.1931310834135,-0.871522082723979,-0.579499066273616,-1.51905056067316,-1.56438253266881,14,8.5,"2005-03-09","American Diploma"
"111","4456","Female",14.5826708585972,99.22,59.85,80.56,83.53,75,6.70908298017466,-0.145829192799736,-0.197469796898637,-0.0606024468867108,-0.168611811163442,-0.0824519213636781,-0.0954739556689253,0.0473201307145067,9,9,"2005-09-29","American Diploma"
"112","4457","Female",14.7196571599671,94.44,48.29,79.63,94.95,64.2857142857143,9.93724811836367,-0.128389077208774,0.259026571665165,0.27350060428127,-0.175696858317634,-0.180977870293235,-0.352259563040158,-0.619562501993811,6,7,"2005-08-10","American Diploma"
"113","4458","Female",15.0300546448087,97.66,70.17,97.22,46.79,64.5161290322581,9.87164394954603,0.605661758878317,0.419178458666708,0.167827377770835,-0.0659109597897004,0.985363385936105,0.539141333537684,0.860848800961845,14,13,"2005-04-19","IB"
"114","4459","Female",15.0628415300546,98.44,71.93,98.15,67.81,68.75,4.50251992272038,0.849079396605039,-0.418553965483626,-0.960382558986083,0.0434232870862403,0.940054879102538,-0.500662925329074,-0.134206080012862,14,9,"2005-04-07","American Diploma"
"115","4461","Male",12.9223669436335,81.25,78.18,65.74,185.43,NA,NA,0.641559056636856,0.55037305558359,0.961551986960983,-0.638859477888937,-0.323015525950612,-0.384352412161147,-0.106825384116699,12.5,14,"2007-06-01","IGCSE (British)"
"116","4465","Male",13.1092896174863,94.53,93.79,86.11,110.02,48.3870967741936,6.3386995355001,0.0749062484771793,0.807900321831509,0.105408288554591,-0.0962054608806858,-0.500585265811426,-0.689815727611632,-0.387569319393235,8,9,"2007-03-25","IGCSE (British)"
"117","4476","Female",12.4730518751404,96.88,62.8,95.37,100.21,62.5,4.90875604267869,0.716019754607597,0.21504196326578,0.215998525007069,0.562065089019771,0.878639432995615,0.392158147410397,0.907240134363102,9,7,"2007-11-12","IGCSE (British)"
"118","4478","Female",12.7853806422636,97.66,52.95,4.63,11.44,59.375,6.4257193957759,0.787625934965397,0.829094181167675,0.388033399971062,0.590731391967215,0.140427657072359,0.388719818633464,0.110314723238834,5.5,6.5,"2007-07-21","IGCSE (British)"
"119","4482","Female",12.6593532450034,56.25,95.77,85.19,91.04,53.8461538461538,7.56562212187908,1.24050976156106,1.7170759919448,1.77492486922034,1.09593808952923,0.806708888577201,0.391364619248634,0.670418019318294,4.5,8.5,"2007-09-05","IGCSE (British)"
"120","4485","Male",12.7388052997979,89.06,53.59,91.67,62.12,65.625,7.62857522432509,0.185903959972829,1.24888917148824,1.29311241449315,0.14663050313202,-0.367485933818334,-0.0048497587807392,0.0655942955862351,12.5,7,"2007-08-07","IGCSE (British)"
"121","4488","Male",13.0300546448087,94.53,37,90.74,86.68,62.5,6.07220581377273,1.01729804100165,1.11168732463952,1.13145205289867,0.530278490447907,0.514425535033367,0.0856053209588907,0.218083733181816,5.5,5.5,"2007-04-23","IGCSE (British)"
"122","4490","Male",12.588120368291,69.53,88.79,76.85,109.97,67.741935483871,6.51603446849253,0.785692132612202,0.399275085527741,-0.184246245073773,-0.213052426295534,-0.726606046764764,-0.595791261612223,-0.79184387387362,1.5,4,"2007-10-01","IGCSE (British)"
"123","4492","Female",12.8237368066472,95.31,45.31,73.15,128.94,44.4444444444444,6.05462024286595,1.20604693732559,0.482882438096923,-0.07160193607893,1.01616300667779,0.268998558560974,0.366473126579836,-0.0331353420000226,4,6,"2007-07-07","IGCSE (British)"
"124","4494","Female",12.456613518976,99.22,65.29,92.59,79.61,68.75,3.84620274892243,0.645263916757176,0.727949170654355,1.25330438018088,0.31112977618699,0.315561447329937,-0.230173223445502,-0.00261304817654245,2,14,"2007-11-18","IGCSE (British)"
"125","4498","Female",12.9963395463732,96.09,71.83,72.22,147.27,65.5172413793103,2.33280658862125,0.662769918843879,0.318501862801908,-0.165414944775523,0.305281851150283,-0.127876952138409,-0.254843632897835,0.0926498852585808,6,5.5,"2007-05-05","IGCSE (British)"
"126","4499","Female",12.9141477655513,92.19,50.16,99.07,40.87,63.3333333333333,7.78922066797422,-0.225134660177087,-0.216434161943648,-0.0467966530843614,0.133367258692518,-0.873046659963071,-1.03118539293998,-1.05624389867191,6.5,6.5,"2007-06-04","IGCSE (British)"
"127","4500","Female",11.7732240437158,96.88,60.25,83.33,110.36,78.125,1.20597589807964,-0.590421595447791,0.007983444068512,-0.0296211376734181,-0.261919518706799,0.074355472126772,0.147511896876725,0.215842124279736,14,13.5,"2008-07-26","IGCSE (British)"
"128","4502","Female",13.3744217381541,91.41,66.27,19.44,77,40,5.67154655985254,-0.556243152739188,0.589645599617695,0.223071730511295,-0.376167761490488,-0.0969631817075147,-0.300584215506081,-0.602010171473541,9.5,9.5,"2006-12-18","IGCSE (British)"
"129","4505","Male",13.3114754098361,94.53,67.52,87.96,167.22,58.0645161290323,5.66719601309262,1.20685831209894,0.955854505965247,1.31139327916354,1.08005303180071,0.22358468811826,0.482506835375835,0.772818182223314,5.5,7,"2007-01-10","IB"
"130","4507","Male",12.3442847518527,90.63,63.48,85.19,102.28,57.1428571428571,9.57678109423702,1.19280729780101,0.276039116785066,0.0397892386012878,1.02369204679506,1.50411941885496,1.80356089543206,1.78631270699341,15,7,"2007-12-29","IGCSE (British)"
"131","4509","Male",12.2595628415301,92.97,75.83,87.04,101.61,53.125,5.91332901189704,0.250888297333564,-0.441522663185462,-0.633900894993977,0.43099781545106,-0.489859957438703,0.220195976808264,-0.18350992629634,9,5,"2008-01-29","IGCSE (British)"
"132","4513","Female",13.442914888839,92.19,17.67,89.81,45.01,45,5.31656536749938,0.106200857883317,-0.258848713096552,-0.272976819959414,0.637735042846879,-0.0830147330964804,0.511269085170342,0.709741897049989,1,3.5,"2006-11-23","IGCSE (British)"
"133","4514","Female",12.5525039299349,94.53,60.92,87.04,92.53,55.1724137931034,6.15849463296815,0.469532715014067,1.17314224231989,1.28816106556626,0.795309694810703,0.144308553107828,-0.211255186742534,-0.112461225989957,8,7,"2007-10-14","IGCSE (British)"
"134","4517","Female",13.5086683134965,97.66,52.06,98.15,79.62,60,4.28027901077996,-0.446298124517538,0.724275692244302,0.379862276810834,-0.429038791828068,-0.241578457437047,0.873649817388605,0.497607376132569,13.5,14.5,"2006-10-30","IGCSE (British)"
"135","4518","Female",13.1530054644809,92.97,65.69,88.89,130.59,57.6923076923077,8.18957892461001,-0.291445952343605,-0.890296235869329,-1.15095641410921,-1.14442664635015,-0.73845743022594,-1.26801801597997,-1.18519922694766,7.5,7.5,"2007-03-09","IGCSE (British)"
"136","4535","Female",12.0601092896175,95.7,46.45,80.56,43.21,64.2857142857143,7.34020565453387,-0.13546783375233,-0.375236315001408,0.0925504832767446,0.580562062188367,-0.166456285074121,0.0358558836715971,0.16345847738276,5,8,"2008-04-15","IGCSE (British)"
"137","4535","Female",12.0601092896175,95.7,46.45,80.56,43.21,68.9655172413793,7.87455012746928,-0.13546783375233,-0.375236315001408,0.0925504832767446,0.580562062188367,-0.166456285074121,0.0358558836715971,0.16345847738276,5,8,"2008-04-15","IGCSE (British)"
"138","4536","Male",13.2021857923497,89.06,65.18,63.64,47.57,59.2592592592593,8.27932368274666,-0.48418428432827,-1.62172610103285,-1.45627421129359,-0.500616260778353,-0.618391426455261,-1.01480630253078,-0.9003719878862,7,9,"2007-02-22","IGCSE (British)"
"139","4537","Male",12.9004266786436,98.44,85.37,76.85,171.35,68.9655172413793,10.9774876427794,-0.322433513774342,-0.47254111495292,0.050327430066394,-0.183042726918078,-0.316720824396513,0.00372601574980483,-0.490995187460713,8,11,"2007-06-12","IGCSE (British)"
"140","4540","Male",12.6100157197395,91.41,82.65,93.52,157.98,59.375,7.33401161089838,0.827891183574345,-1.57206439492417,-1.44490770061258,0.0979004036603208,0.790649790979596,-1.71849137312525,-0.120275188569372,12,11,"2007-09-26","IGCSE (British)"
"141","4545","Male",12.757960925219,99.22,29.87,99.06,40.41,NA,NA,1.02465805640536,-0.272603302275874,0.0794128574087326,0.654924312435586,0.140305323447836,0.508353905893542,0.210807558483628,8,5,"2007-08-03","IGCSE (British)"
"142","4546","Male",12.7333033909724,80.47,89.19,78.7,107.86,65.625,8.03257619472276,-0.0358080473258747,-0.294869702529423,-0.617633765644888,-0.163194697134695,-0.340452890147137,0.163160641722182,-0.19091275546638,9,14,"2007-08-12","IGCSE (British)"
"143","4549","Female",12.503166404671,95.31,35.34,81.48,87.49,65.625,5.39577851907536,-0.141284787830249,-0.0322144164463476,0.346928600195398,-0.239368732526398,-0.338913476195319,-0.862861293998568,-0.776579686135367,9,6,"2007-11-04","IGCSE (British)"
"144","4558","Male",12.8867280485066,77.34,62.71,81.48,106.55,42.8571428571429,5.62694305377326,0.170385048349858,-0.376437071281211,-0.00518729999780621,0.0813854715730888,-0.178153348543446,-0.554804261454404,-0.661275815643065,7,7,"2007-06-17","IGCSE (British)"
"145","4559","Male",12.4182348978217,88.28,89.84,87.04,127.08,64.5161290322581,5.90463686704692,0.605089205275355,-0.699399596590145,-1.05574943811031,-0.0200559360657582,0.706283919724983,0.113096149971131,0.116014392167027,13,5,"2007-12-05","IGCSE (British)"
"146","4562","Female",12.8839883224792,57.81,83.83,2.78,6.2,45,5.61828926559942,-0.199151825093367,0.387800136685714,0.431780916624491,-0.310111545808227,-0.287147675310796,-0.228998952908359,-0.637225137420157,7,8,"2007-06-18","IGCSE (British)"
"147","4564","Male",13.0874316939891,99.22,85.87,92.59,120.41,81.25,5.06037718674169,0.579638135262609,-0.525395386742393,0.221230541699012,0.133894789611086,0.0567359784117721,0.256333674464955,0.660659532073892,14,12,"2007-04-05","IGCSE (British)"
"148","4568","Male",12.4264540759039,96.88,52.97,93.52,103.08,65.625,5.37521695887045,0.169810410863025,-0.658134746619773,-1.02881265593775,0.00903531208522747,0.597277647545961,0.173524736683131,0.112358665138914,10,6.5,"2007-12-02","IGCSE (British)"
"149","4585","Male",12.1530054644809,96.88,101.88,94.44,104.87,63.3333333333333,10.8386926314905,0.834299630645828,-0.577369392832666,-0.407032782561545,0.889227705674701,1.11979220954035,1.20603573697024,1.32678714828038,6,9,"2008-03-19","IGCSE (British)"
"150","4592","Male",12.4976345534845,89.06,62.69,92.45,113.83,56.25,5.79203587915954,0.79143574005653,1.15932485270243,0.622009939303913,0.578245969615191,0.0361909971364066,1.09705789484332,0.713100081558208,13,12,"2007-11-13","Other?"
"151","4616","Male",13.5661277041695,93.75,91.77,88.89,122.66,56.25,6.70854121528951,-0.318641969291553,-0.402472613603438,-0.938153058152394,-0.234045297722062,0.0214786688104881,-0.484482732397481,-0.854832574029077,8,4,"2006-10-19","IGCSE (British)"
"152","4617","Female",13.1612021857923,96.88,76.51,80.56,119.38,53.125,3.36374437591252,-1.11511590365705,-0.401035926257757,-0.199023812313411,-0.504710775836989,-0.603647545958087,-0.54065864082029,-0.639004457188307,7,6.5,"2007-03-16","IGCSE (British)"
"153","4656","Female",13.4674975671832,95.31,64.66,86.11,85.06,59.375,8.25123242784629,-0.50938067304752,-0.889192579663188,-0.383682921149651,0.0536759396494701,-0.950536517152458,-0.652119539680094,-0.187795939261626,6.5,5.5,"2006-11-24","IGCSE (British)"
"154","4668","Male",13.4127030466352,96.09,54.07,90.65,111.97,50,6.12880292221323,-0.30265308129598,0.496994800768215,0.347090610194074,-0.316661043197676,-0.289545150004663,-0.190878989280555,-0.535321949289134,13,14,"2006-12-14","IGCSE (British)"
"155","4686","Male",13.1666666666667,98.29,58.55,90.74,121.2,71.4285714285714,7.40012239802446,1.12235660471987,-1.56288408306465,-1.40403287745911,0.9734170192005,0.820954016774587,0.940363232210548,1.10906598970307,7,3,"2007-03-14","IGCSE (British)"
"156","4693","Female",10.6154203158919,99.22,46.4,94.44,98.75,71.875,9.05325848849945,0.112323546715097,-0.474259576628099,-0.362813973219397,-0.0652026137313355,0.534287276533474,-0.38788800454908,-0.290086666604727,4,3,"2009-10-04","American Diploma"
"157","4697","Female",12.8044614117823,74.22,94.09,89.81,50.23,59.375,6.1046716126344,-0.667246782797874,-0.248847037384349,-0.394058330613045,-0.920760776246234,-0.540153569258321,-0.823582213844307,-0.30146863445324,10.5,4.5,"2007-07-27","American Diploma"
"158","4704","Female",11.4234972677596,83.59,43.69,87.96,67.35,NA,NA,0.150643678727104,1.21653473712433,1.19449842267208,-0.23717899062069,0.90007606522011,0.933827201515142,1.1305348572918,13,6,"2008-12-14","American Diploma"
"159","4712","Female",13.2267759562842,97.66,80.44,91.67,122.24,60.7142857142857,7.77479460014958,-0.160688913712497,-1.27701377456566,-0.569131650371752,0.565762475158195,0.59261641348504,1.3116529305584,1.19999135624064,12,8,"2007-02-23","American Diploma"
"160","4716","Female",14.7798038775357,96.88,57.11,81.48,84.43,62.5,7.32901410102313,0.241055338392313,0.553925224464393,0.715632298114865,0.706640555836485,0.122102922702262,0.177646071181825,0.322810055348072,9,5.5,"2005-08-05","American Diploma"
"161","4717","Female",13.7222696309604,96.09,67.39,96.3,61.82,47.3684210526316,6.52367732442247,0.550009823303086,-1.58421037013702,-1.40582934830566,0.766599401824873,0.195453951442132,0.31536520292765,0.607880008986193,13,9.5,"2006-08-26","American Diploma"
"162","4720","Female",13.6702148364399,97.66,57.85,87.85,100.48,65.625,6.22591516717641,0.669699985352724,0.14781788310846,-0.394693605936335,0.810149609548027,1.27310517012766,0.541906407514077,1.07771715218471,15,8,"2006-09-14","American Diploma"
"163","4722","Female",13.8126805898645,95.31,61.64,93.52,50.57,59.375,7.03455780107128,0.927101772599264,0.958756085522562,1.32887163986887,0.304157246541393,0.993293695812775,1.17312607075183,0.917309007379224,9,7.5,"2006-07-24","IB"
"164","4723","Female",13.8811737405494,95.31,58.52,92.59,94.53,75,7.34705872748943,0.573317614541781,-0.243150773111648,0.0755051145174105,0.810743046072901,0.974534625013306,0.503311075488372,0.975765611605176,13,12.5,"2006-06-29","American Diploma"
"165","4725","Female",13.3715846994536,98.44,70.04,92.59,118.56,65.625,7.39373145699095,0.754570183432632,-0.699152262080606,-1.0377824884902,0.558617253901028,1.11739059038916,1.15196143911292,1.30009091251582,14,14,"2007-01-01","American Diploma"
"166","4727","Female",13.8236394939741,89.84,60.74,84.26,68.35,55.1724137931034,8.44817851001192,0.042823356362738,0.718357219159449,0.943923640145082,0.410705964389692,0.90462447154908,1.15284148444816,1.22937531679755,11,6,"2006-07-20","IB"
"167","4730","Female",14.0027322404372,94.53,109.4,86.11,154.34,56.25,5.87453728953201,1.0442965667756,0.0889601864636558,-0.01730024946863,0.648342873073332,0.213968488232241,-0.372640116290248,0.155315970559326,13,9,"2006-05-16","American Diploma"
"168","4737","Male",12.4510292686578,75.78,109.02,77.78,141.02,58.0645161290323,5.16767016228717,-0.567863700350927,-0.0349199440700956,0.100597323480592,-0.462227063935936,-0.484834993703757,-0.85672680514581,-1.28413504717677,7.5,5.5,"2007-12-04","American Diploma"
"169","4739","Male",10.2896174863388,91.41,78.14,75,101.14,62.5,6.65190829945295,-1.06537194880578,-0.0427485952511952,0.342291003439463,-0.304570058585218,-1.06819042091534,-0.614363312731656,-0.922467787742018,8,7.5,"2010-02-20","National"
"170","4740","Male",11.2049180327869,91.41,65.95,80.56,141.53,58.0645161290323,8.58427546198107,-0.43742242132823,1.18791184118655,0.814103753820055,0.481594280067756,-0.806580662614754,-0.782450051009095,-0.822985453121273,13,9,"2009-03-24","National"
"171","4748","Male",10.1803278688525,93.75,32.09,76.85,66.64,40.7407407407407,6.33738454568547,0.650617392796543,1.69158398580094,1.76124280380068,0.58782712603561,-0.798794501108459,-0.180982708596976,-0.29409883988994,2.5,7.5,"2010-04-01","National"
"172","4750","Male",11.9945355191257,98.44,46.67,88.89,24.88,66.6666666666667,8.67699663115606,-0.442860863825399,0.216545276411182,0.32994428970241,-1.76869187290992,-0.25460662196536,-2.35335993658425,-1.42523157740551,1.5,6,"2008-06-08","National"
"173","4752","Male",11.6584699453552,100,72.17,84.92,100.81,68.9655172413793,2.90995585378723,-0.940483025138865,0.616227360745392,0.707255510684617,0.0378576700007445,-0.235399412371916,0.254490259591776,0.214966474322953,2,16,"2008-10-12","Other?"
"174","4753","Male",10.6837637547721,91.41,75.63,90.74,191.15,61.5384615384615,10.313780661339,0.326565798998544,1.67204207508635,1.76845756895361,0.755887658992521,-0.136349113103459,0.510834912959732,-0.119306854351742,10,4,"2009-09-29","National"
"175","4755B","Male",12.275956284153,99.22,61.55,97.22,79.1,65.5172413793103,9.76197545606814,-0.580397844601389,0.550259236577341,-0.0633081218604486,-0.104818975761874,-1.36726970559202,0.118885689912227,-0.590882792906915,9.5,7.5,"2008-02-06","American Diploma"
"176","4756B","Male",13.0355191256831,93.75,102.91,94.44,141.24,78.125,4.08504421521137,0.102194800164367,-0.16604080240966,-0.0237999236761224,0.0518674976555243,0.134099059417289,-0.0750499095950672,0.0450883900363043,14,14,"2007-05-05","American Diploma"
"177","4758","Male",13.0573770491803,96.09,112.11,94.44,125.38,NA,NA,0.255063800474476,0.157039703948991,-0.60493976697431,0.0593667411920893,0.415221447844565,0.435769897748999,0.412253881153815,11,8,"2007-04-27","IB"
"178","4760","Female",12.0273224043716,95.31,45.7,90.74,66.67,68.75,2.83972498319634,0.295906556937493,1.46818183846797,1.34235240763,0.248948489161989,-0.496840306496677,-0.636813541967625,-0.552395759778369,14,7,"2008-05-27","National"
"179","4761","Male",13.0710382513661,96.09,71.06,99.07,58.2,67.741935483871,7.06654667958835,0.709636450356656,-0.079799998481115,-0.0417926665033208,0.55661890491211,0.803479362219222,0.662955732035225,0.990273545165783,12,7,"2007-04-22","American Diploma"
"180","4764","Male",13.9496594056441,95.31,107.12,75,137.42,66.6666666666667,8.19327946252087,-0.165124046962185,1.65790834281991,1.74190311305344,-0.150839357905191,-0.162832152012795,0.714665777591585,0.757754386774599,13,21.5,"2006-06-05","American Diploma"
"181","4765","Female",14.2568306010929,92.97,97.26,79.63,155.15,75,8.10226863521786,1.24050976156106,1.7170759919448,1.77492486922034,1.09593808952923,1.04195043418382,0.536062888753107,1.00773810515781,12.5,4,"2006-03-05","IB"
"182","4767","Male",13.2213114754098,71.88,86.72,89.81,82.77,63.3333333333333,9.59473538729774,-1.00780413139854,-0.463704517643168,-0.979648926775409,-1.30184780950154,-0.43306613858369,-0.653758672460243,-0.712516892059406,13,11,"2007-03-18","IB"
"183","4770","Female",15.5,95.31,54.44,80.49,104.5,58.6206896551724,9.4803147333276,0.327339209466996,-0.573025766272013,-0.160084089285366,0.426887090480895,-0.716421061070469,-0.270309355024306,0.212835280147111,10,10,"2004-12-07","IB"
"184","4773","Male",13.4837562691818,92.19,52.75,87.96,108.97,64.2857142857143,8.38965276159404,0.592243571532014,0.849676611974981,1.32299896795463,0.849502375474351,0.720350876345085,0.981457528605074,1.09591212668727,9.5,4,"2006-12-12","IB"
"185","4775","Female",13.9221124335654,96.88,55.01,88.89,139.4,58.3333333333333,9.06742462934589,0.184597436302447,-0.706428397816548,-0.681861912294672,0.655806383026731,0.412023778917434,1.0775263009802,0.66013051189677,9,5,"2006-07-05","IB"
"186","4777","Male",12.6673179130174,96.09,89.73,78.7,118.1,51.6129032258064,6.60095961450396,0.952185662744094,-0.993425817581884,-0.48126530647492,0.495044570194041,0.371911254761134,-0.730840102624924,-0.27153189087324,13,8,"2007-10-06","IB"
"187","4779","Male",14.1912568306011,87.5,132.03,84.26,206.24,65.625,9.66861003535949,0.209401629167709,-0.403743905881356,-0.0662702354402823,0.440739909875556,-0.143362235763651,0.0118870409857994,0.0680110842785692,13,8.5,"2006-03-30","IB"
"188","4780","Female",14.2568306010929,96.09,84.42,90.74,128.91,78.125,2.48237474215077,-0.343994447635051,-1.02897287155453,-0.907174813853581,-0.466070180742446,-0.224134553554694,-0.0306509944316992,-0.107478050688405,13,15,"2006-03-06","IB"
"189","4781","Male",15.1311475409836,97.66,42.19,91.67,62.96,64.5161290322581,9.92846047802559,-0.0639906491504871,-1.07225483605283,-1.21215464357628,-0.63580662863385,-0.211661732166764,-0.979387223009201,-0.66849882154256,14,16,"2005-04-21","IB"
"190","4782","Female",14.5193652219478,96.88,93.62,91.67,135.06,71.875,10.4010029004838,0.00320734318615698,-0.217942224095154,0.242297119337342,-0.334616219405452,-0.588057877175598,-0.408613156967051,-0.698037392841793,10,6,"2005-11-30","IB"
"191","4783","Male",15.0245901639344,94.53,77.98,87.96,118.37,53.5714285714286,9.23793976699042,-0.00771130933165642,0.319990075396408,-0.407558120831032,-0.764201035797262,-0.456895920573202,-0.852920304093909,-0.794473422454387,10,8,"2005-05-30","IB"
"192","4784","Male",15.0245901639344,96.88,92.66,89.81,210.7,68.75,6.16727693825791,-0.676152057392302,-0.377615125106394,-0.73510063220542,-0.53416372660739,-1.28249397350813,-1.10416856668193,-1.34301371841843,13,9,"2005-05-30","IB"
"193","4785","Male",15.0245901639344,93.75,74.49,90.74,128.42,62.5,7.25963353369922,0.226006955493016,-0.707105479992318,-1.02415209209733,0.65342764870945,0.0215143612700292,0.552851684317166,0.463393752621952,13,14,"2005-05-30","IB"
"194","4786","Male",15.483606557377,100,72.42,97.22,89.08,68.75,8.63920399373979,-0.650238094094117,0.0815698005991694,0.431202738248096,-0.0910724002801998,-0.274234639198196,-0.123924935058042,0.102516396772942,14,10,"2004-12-14","IB"
"195","4789","Male",14.7933378246875,95.31,125.9,94.44,91.04,58.0645161290323,11.1019660759553,0.328723170834198,0.347003546175021,0.340651604935463,0.723611390998975,-0.080308093212229,-0.083488360626792,0.530412981595111,14,11,"2005-08-22","IB"
"196","4795","Male",14.9714125308781,91.34,100.86,91.92,129.09,71.4285714285714,12.3517939127889,-0.617799862120456,-0.182319362799115,-0.687437705628677,-0.824103051820795,-0.500956540478095,-0.547174117584937,-0.2209984340296,14,14,"2005-06-19","IB"
"197","4799","Male",15.0409836065574,96.09,63.43,76.85,56.47,47.3684210526316,5.62741118937767,-1.30498853818278,-0.0151493599758111,0.480516627139231,-1.16977233927062,-0.349633141902095,-0.226066482803323,-0.321314200557756,6,5,"2005-05-25","IB"
"198","4801","Female",14.9467549966315,97.66,48.96,90.74,69.04,62.0689655172414,8.57371943297018,-0.271829273049215,-0.469708290017687,-0.738393762490825,0.504647987365314,0.276207145247043,0.596491626550031,0.591849955799528,5,6,"2005-06-28","IB"
"199","4802","Female",15.1612021857923,95.31,102.03,87.96,167.57,67.8571428571429,10.4177969447285,-0.973579147362662,-1.64063797008923,-1.46190412851923,-0.745129035870927,-0.496597272476004,-0.808668384311691,-1.07325731989063,14,13,"2005-04-11","IB"
"200","4803","Female",14.431693989071,98.44,83.87,89.72,117.27,68.75,8.68913298251258,-1.32543619096704,-0.54420617364879,-0.098389966603885,-1.06098273828053,-0.848280221801191,-1.24745762020065,-1.18501848229559,12,13,"2006-01-02","IB"
"201","4805","Male",14.9878508870424,96.09,110.51,80.56,182.77,67.741935483871,11.6256202307936,-1.60710347077546,-0.737335248582099,-1.05324564901584,-1.05671274302512,-0.993896883409338,-0.364189609584335,-0.838089674976246,7,4.5,"2005-06-13","IB"
"202","4806","Male",15.0409836065574,96.88,81.72,93.52,90.93,56.25,6.44937321646963,-0.852983324228354,-0.93599753698253,-0.614838393790361,-0.556516453258148,-0.410609097677761,-0.33406687982709,-0.689850440757579,10.5,12.5,"2005-05-25","IB"
"203","4807","Male",15.0573770491803,94.53,97.85,85.19,231.16,65.5172413793103,10.7427559305369,0.107104749972501,0.717863473838228,0.913038828418097,0.0190186115184607,-0.548459026808931,0.196398221172371,-0.326237762483311,6,9,"2005-05-19","IB"
"204","4813","Male",14.3497267759563,97.66,75.49,97.22,71.3,75,8.15453754711511,0.187678716857254,0.0531515621067413,0.227564988087131,-0.361981417499104,-0.115882808120446,-0.462999122554594,-0.240848836715528,12,11,"2006-02-01","IB"
"205","4815","Male",13.1775956284153,82.03,89.26,56.48,29.54,55.1724137931034,8.35028397489174,1.22250647661329,1.04086395630213,0.70062001745173,1.04868311046275,1.50411941885496,1.80356089543206,1.78631270699341,4,9,"2007-04-04","IB"
"206","4816","Male",12.5440227561943,70.31,104.35,74.07,130.46,37.5,5.61676208227932,-0.844158626331797,1.40468285306336,1.2912203525477,-0.424075989294885,1.33572664231993,0.962069097431651,1.28428866544579,4,7,"2007-11-21","IB"
"207","4817","Male",13.2185792349727,47.24,37.68,74.07,134.71,NA,NA,1.12235660471987,-1.56288408306465,-1.40403287745911,0.9734170192005,1.50411941885496,1.80356089543206,1.78631270699341,7,5.5,"2007-03-20","IB"
"208","4819","Male",13.1420765027322,73.44,66.47,16.83,30.76,8.33333333333333,1.80570603105814,0.597306049284117,0.819494890567698,0.662117658281692,0.548502179174267,0.0400815220107196,0.287209267536669,0.567416748065912,5,3,"2007-04-17","IB"
"209","4821","Female",12.8645707013998,50.78,78.84,30.84,105.29,43.4782608695652,12.2674400060846,0.12334946132939,0.541048907749875,1.0403153545934,0.421499327249452,1.00562013581989,1.19488917850772,0.967501756890761,6,8,"2007-07-27","IB"
"210","4822","Female",12.872789879482,98.44,53.83,90.74,118.67,65.625,7.23516348516348,0.304110979870905,0.00963014375456408,-0.0824411835534641,0.704263540489924,0.711994640919498,0.743438646942916,0.484474279350982,6,8,"2007-07-24","IB"
"211","4825","Male",12.8125159068793,96.88,52.28,99.07,60.04,70.9677419354839,7.63930364906175,-0.059766489888517,-0.166478290454811,-0.845148102982687,0.557413639547743,-0.340683551984986,-0.321695549186113,-0.765416546735364,4.5,5,"2007-08-15","IB"
"212","4826","Male",12.6919604760835,97.66,82.06,92.59,87.16,62.5,5.40750994981831,0.574549657455922,-0.477182026791374,-0.645999343361876,0.78189577797831,0.809913591004074,1.35965863109825,1.29395542375344,12,6.5,"2007-09-29","IB"
"213","4828","Male",12.6426454075904,86.72,80.51,88.89,110.85,61.2903225806452,10.4398774398876,-0.910436742195679,-0.514096309457458,-0.43597870128003,-0.706689130694861,-0.575278879950927,-1.06786123651767,-1.11948617472453,12,13,"2007-10-17","IB"
"214","4830","Male",13.051912568306,98.44,62.41,88.89,84.4,68.75,8.42994092074462,-1.60291796593078,-0.526978860421038,0.410684930360213,-1.76495135069257,-0.944841254419295,0.34782426980704,-0.347682159958847,13,12,"2007-05-21","IB"
"215","4833","Male",14.0983606557377,75,120.85,80.56,157.67,64.5161290322581,9.18176473977387,-0.829021296066531,0.185476801396926,-0.136294581473008,-0.288902361171563,-0.34197078057458,-0.776979194849168,-0.420843016996392,5.5,4.5,"2006-05-04","IB"
"216","4836","Male",13.4782618459466,96.09,109.75,91.67,114.75,59.375,8.41702168933589,0.277057631807895,-0.324403237284129,-0.139596263222914,0.105344387000244,0.970139587814471,-0.41401657044176,-0.0135614506467537,15,11,"2006-12-16","IB"
"217","4838","Male",13.207650273224,87.5,105.05,83.33,138.61,74.1935483870968,7.16824799482152,-1.03940031102171,-0.243061362333055,-0.202948426064238,-0.853740326675851,-0.957014534039834,-1.54615198761442,-1.47496384661833,8,11,"2007-03-25","IB"
"218","4839","Female",13.8289467774534,96.09,93.86,84.26,132.99,78.125,7.52733446126927,-1.12220866685264,0.532298370218902,0.124073492968259,-1.39318434115138,-0.984923249822099,-0.758568180116938,-0.950177195152587,8.5,9.5,"2006-08-10","IB"
"219","4845","Female",14.1366120218579,98.44,79.04,91.67,103.88,NA,NA,0.00906041557423675,0.692140724110419,0.30807115149782,-0.151544945574032,-0.237512587471716,0.202466198027355,-0.172810711625651,8,9,"2006-04-20","IB"
"220","4846","Male",13.8508645856726,90.63,87.8,74.07,141.52,60,10.512176604567,0.845923096802363,-0.463722470542932,-0.97581930386955,0.0381859132873513,0.467956706503061,-0.56803365104968,0.136523820942939,14,14.5,"2006-08-02","IB"
"221","4848","Female",13.2868852459016,98.44,90.82,91.67,108.11,62.5,6.33983546858992,0.985866539840282,1.05549783428782,0.982269266651115,0.433122421522754,1.03371830574151,-0.147400398297267,0.237075215792893,14,6,"2007-02-24","IB"
"222","4850","Male",14.051912568306,87.5,106.97,93.52,35.72,71.875,9.36683721747211,-1.18776324315446,-0.189528934923047,-0.320927727017272,-0.998637189356006,-0.893980668856426,-1.30413215944082,-1.25853064352633,6.5,4,"2006-05-21","IB"
"223","4855","Male",13.4098360655738,93.75,77.93,70.37,114.56,75,8.61342929331598,-0.329994424016699,-1.23223634973467,-0.491919747503676,-0.519501716518637,-1.33060043925329,-1.2285874145201,-1.26245653019196,11,8.5,"2007-01-10","IB"
"224","4860","Male",13.2704918032787,88.28,24.35,90.74,65.02,53.3333333333333,6.89579006629117,-0.105046964947573,0.028344889719288,0.107943856791656,-0.0150611664632744,-0.17469738977201,-0.879128356368374,-0.691604271506208,6,6,"2007-03-03","IB"
"225","4861","Female",12.4755146343289,88.28,71.72,64.81,129.83,45.1612903225806,4.23916045590008,-0.63402260256163,0.175959522919941,-0.0640465567024077,0.0301486476531183,-0.829791841560246,-0.209465726834514,-0.344024319587985,11,8.5,"2007-12-18","IB"
"226","4862","Female",12.9878434014522,97.66,73.24,90.74,97.24,68.75,6.52575353577192,0.512531491721466,-1.32176748590712,-1.32214214566788,-0.174386967939304,0.533077993839302,-0.369381186660118,0.106407378009406,13,14,"2007-06-14","IB"
"227","4863","Female",13.344262295082,95.31,80.67,86.11,67.7,65.625,8.03182716236457,0.0320557888394014,-1.60248233000879,-1.43834039650911,-0.0132505703424956,0.228982112090348,-0.934438643444777,-0.732744018141219,11.5,8.5,"2007-02-04","IB"
"228","4869","Male",12.4535968261097,98.44,60.28,97.22,44.66,71.875,7.09931417135839,0.414987701353333,-0.5353628188148,-0.229903386473015,0.121700823405221,1.09899272614975,0.760150877263469,1.11721369562295,15,14,"2007-12-26","IB"
"229","4870","Male",12.9440077850138,97.66,65.95,87.04,138.41,46.6666666666667,5.70113819151752,-0.319076912541676,0.373266150612472,0.818371937686237,-0.385575382494003,-0.553854358310173,-1.44824832715118,-1.34614706243246,12,6.5,"2007-06-30","IB"
"230","4871","Female",12.2377049180328,94.53,56.8,79.63,45.97,52.6315789473684,5.83039724245532,-0.0512394678169633,1.29824284534743,1.62756905804366,0.0732357115847016,0.0169210061161333,-0.718852982627804,-0.363162121549229,9.5,6,"2008-03-15","IB"
"231","4878","Female",15.0300546448087,94.53,82.35,93.52,91.6,65.5172413793103,9.15671244092843,0.491424053210429,0.024996577485959,-0.389407839597183,0.752165414702503,0.818072955333097,0.835549684473416,1.064197652703,13.5,16,"2005-06-03","IGCSE (British)"
"232","4880","Male",15.5273224043716,98.44,82.15,95.37,105.74,68.75,9.9601593625498,0.696660166548449,-1.33989859133792,-0.87798764148774,-0.333656267946893,0.129827829790893,-0.169978096000883,0.548747915171322,14,11.5,"2004-12-04","IGCSE (British)"
"233","4884","Female",15.0546448087432,94.53,64.84,80.56,103.09,60.8695652173913,11.6501553453112,-0.718143015829963,0.670236471505605,0.984004076309913,0.418147091171496,0.169933191992112,1.0164597192237,0.95114090840965,14,16,"2005-05-25","IGCSE (British)"
"234","4885","Female",14.8261696234748,96.88,64.82,91.67,58.94,68.9655172413793,8.59030146374442,0.650476891994386,0.33926651577425,0.75941331844223,0.341882562031187,0.642941327877741,0.362324704679974,0.835164989250415,15,13,"2005-08-16","IGCSE (British)"
"235","4886","Female",15.0874316939891,99.22,58.11,89.81,62.75,75,2.72140109823653,0.413097903893606,-0.578004932633749,-0.424701315127468,0.306072215661264,-0.308670093334714,0.36993794486828,0.230323486953892,13,7,"2005-05-13","IGCSE (British)"
"236","4887","Male",14.6919005913616,97.66,114.21,96.3,70.82,NA,NA,-0.398579362829338,0.152261172569497,0.636948193728038,-0.717640266315199,-0.14750016144421,0.0148533050384718,-0.520920868464706,13,12,"2005-10-07","IGCSE (British)"
"237","4888","Female",14.6590463358036,99.22,30.69,99.07,23.93,50,2.00400299598448,0.782506436162497,0.818080819163301,0.902629589706762,-0.182144569367789,0.862664770144074,-0.0311416998593088,0.327226484997308,12.5,15,"2005-10-16","IGCSE (British)"
"238","4896","Female",14.7439778426529,98.44,80.3,98.15,63.4,60,5.34881187040027,-0.906030797478357,0.216388271908604,-0.0515704622247355,-0.150611374978445,0.318680815623882,0.357470300310286,0.753737637374546,14,15,"2005-09-15","IGCSE (British)"
"239","4897","Male",14.8535668837488,98.44,83.77,98.15,36.54,66.6666666666667,7.71493321760933,-0.429610465526292,-1.2771860078542,-1.26967662743892,-0.139976787759726,-0.211812990316387,0.0539590972138961,-0.481642738220887,14,14,"2005-08-06","IGCSE (British)"
"240","4898","Female",14.8234298974474,95.7,87.43,93.98,100.84,78.125,8.12903765766092,0.781661079879527,0.637001064569114,0.275445148746452,-0.21797931941717,0.912957064577583,0.00651481652267336,-0.22220440616351,14,19.5,"2005-08-17","IGCSE (British)"
"241","4898","Female",14.8234298974474,95.7,87.43,93.98,100.84,67.741935483871,7.04866233025566,0.781661079879527,0.637001064569114,0.275445148746452,-0.21797931941717,0.912957064577583,0.00651481652267336,-0.22220440616351,14,19.5,"2005-08-17","IGCSE (British)"
"242","4900","Male",14.0300546448087,100,65.16,84.26,91.36,71.875,5.73961877647386,0.0145263165523343,0.596329828798975,0.525988424329618,-0.249521390393411,0.273625352533265,-0.142293453956179,0.0466892091659607,14,14.5,"2006-06-03","IGCSE (British)"
"243","4901","Female",14.0737704918033,96.09,90.75,96.3,83.51,68.75,9.53050075298832,-0.628078429262757,-0.289433739971954,-0.306234829511257,-0.733693778123248,0.242725133784909,-0.437753098113404,0.029130135777953,13,14.5,"2006-05-18","IGCSE (British)"
"244","4903","Female",14.3224043715847,99.22,59.33,100,57.36,68.9655172413793,7.15736614651701,-0.131065268526411,-0.350423197388799,-0.311540612721639,-0.143947329687769,-0.737461763246288,0.207911547010737,-0.0590658373443163,8.5,7.5,"2006-02-16","IGCSE (British)"
"245","4904","Male",13.051912568306,96.09,89.96,93.52,102.92,75,7.28190688868392,0.453563862384,-0.710567967041713,-0.699591653711321,0.278454454311106,0.933986090437353,0.628018614791336,0.471731199282293,14,15,"2007-05-26","IGCSE (British)"
"246","4906","Female",12.8919230481323,100,65.02,99.07,62.28,68.9655172413793,9.18462567139614,0.747643467487326,1.37981446102444,1.12854942548031,0.596792200275163,0.92581393276016,0.39083178607657,0.611037984998868,15,13,"2007-07-23","IGCSE (British)"
"247","4907","Male",12.834388801557,92.97,49.21,100,62.7,59.375,4.52301147867644,-0.0707895150299296,0.797943424383579,-0.307891604587023,-0.863958575268261,-0.580081819209547,-0.396024369844842,-0.723134042864368,8.5,7,"2007-08-13","IGCSE (British)"
"248","4908","Female",13.1284153005464,96.09,80.07,92.59,75.01,68.75,8.29999615867946,0.111548312015411,-1.00494497693172,-0.897412021316413,0.00658650272313651,0.337815986347145,0.231081892831772,0.0417037211502092,16,15,"2007-04-28","IGCSE (British)"
"249","4910","Female",14.2103825136612,97.66,92.1,91.67,141.01,68.75,7.12344638223118,-0.952651497295349,-0.849844025579456,-1.0840464606152,-0.321311043680024,-0.152069767010318,0.169098301579789,-0.101186290187568,12,11,"2006-03-29","IGCSE (British)"
"250","4911","Female",14.9193203084063,96.09,96.98,86.11,164.53,61.2903225806452,7.36704473959333,-0.0124030746094325,-1.29490708744997,-1.28973948960042,-0.114571722882363,0.474362898130522,0.518370962630065,0.731432961990452,14,15,"2005-07-13","IGCSE (British)"
"251","4912","Female",14.9302792125159,93.75,94.06,92.59,117,62.0689655172414,7.51132088200526,0.410548169792512,0.166204506316361,0.427763418292368,0.162502096194099,0.45680130896528,-0.576064047845839,-0.495556851505202,13,12.5,"2005-07-09","IGCSE (British)"
"252","4913","Male",14.2021857923497,91.41,83.5,90.74,145.9,NA,NA,-0.0990267805057774,-0.124233683297428,-0.144656544222216,-0.243404583702428,-0.61620123737954,-0.53911784554655,-0.558412943025062,13,8,"2006-04-01","IGCSE (British)"
"253","4914","Female",14.9028819522419,100,46.44,100,27.82,53.125,7.52140346786148,-0.329479039049147,0.480139157530152,0.559735219838729,0.130772528400669,-0.0326513706920627,0.78391643791548,0.813191688865683,14.5,14.5,"2005-07-19","IGCSE (British)"
"254","4917","Male",15.0710382513661,96.88,78.9,100,56.29,65.625,8.63811583301993,0.135566292169007,-0.431417994149329,-0.642321434144543,0.200859102803298,-0.386833087291214,0.109368164618184,-0.348682772776332,12.5,16,"2005-05-19","IGCSE (British)"
"255","4919","Female",15.4371584699454,96.09,77.02,96.3,92.32,65.625,5.52485357258831,-0.669095576142835,0.667630657058588,0.493352321686836,-0.956155672108512,0.267959882629473,-0.349060363081558,-0.0292513722228624,14,13,"2005-01-05","IGCSE (British)"
"256","4922","Female",15.2950819672131,99.22,70.99,98.15,51.48,8.33333333333333,0.784609107742523,0.257946144805969,0.618698080450814,0.343194328607505,0.306034401872797,-0.181454030482632,0.116102125301735,0.101585209366255,10,10.5,"2005-02-26","IGCSE (British)"
"257","4926","Female",14.6179504453926,98.44,100.18,90.74,124.31,65.5172413793103,7.89464476285449,-1.01545222224169,0.0185980765025225,0.0435425152141233,-0.742262125251048,-1.24055670708313,-1.29613432450353,-1.07499050299127,14.5,14,"2005-10-31","IGCSE (British)"
"258","4251","Female",12.3280110786736,NA,NA,75.93,76.25,58.0645161290323,9.47321885942445,-0.532260720458701,0.278471764516967,0.329782286818388,-0.257980643870835,-1.40247697033281,-1.79384839164024,-2.31634214556517,4,2.5,"2007-12-13","IGCSE (British)"
"259","4281","Male",14.6045063253238,NA,NA,78.7,131.41,71.875,11.72437393173,-0.452531494750815,0.717267985536743,0.945227844696103,-0.414106956549793,-0.439745975811015,-0.386054973097451,-0.664683894254181,14,24.5,"2005-10-02","National"
"260","4290","Male",15.4644808743169,NA,NA,96.81,73.14,84.375,9.93876954488343,0.53018554754015,-0.164936857756748,-0.278833077447422,-0.17105194411627,0.42828356119845,-0.390307302956051,-0.334897136915261,14,14,"2004-11-01","American Diploma"
"261","4359","Male",12.5799461037503,NA,NA,93.52,58.27,NA,NA,0.0223317952266972,-0.409250863861074,-0.0937921838150786,-0.230585773729737,0.242164592994941,-0.315658134423674,0.275102400086218,15,15,"2007-09-28","IGCSE (British)"
"262","4543","Male",12.5963170896025,NA,NA,90.65,150.55,NA,NA,1.19156116433025,0.575430818723023,1.01205111758044,1.06888355801758,1.41528723055843,1.39808483018329,1.53036801785346,8,9,"2007-10-01","IGCSE (British)"
"263","4566","Male",12.7689198293285,NA,NA,81.48,94.55,NA,NA,-0.0827191369005023,-0.650111235996023,-0.384358504512579,0.13300436083499,-0.431703008640097,-0.527945368378042,-0.212018512491784,7,10,"2007-07-30","IGCSE (British)"
"264","4606","Female",13.746927165207,NA,NA,84.26,56.56,58.6206896551724,8.35458597389322,0.640038201948518,1.28694327422896,0.911344964827812,0.175803822868274,0.438205299781916,0.599658723994154,0.48022474516505,8,8.5,"2006-08-17","American Diploma"
"265","4710","Female",13.224043715847,NA,NA,98.15,84.9,NA,NA,1.24050976156106,1.7170759919448,1.77492486922034,1.09593808952923,0.810386278449563,1.36610910364008,1.29728252427848,9,9,"2007-02-27","American Diploma"
"266","4746","Male",12.924859645183,NA,NA,18.52,32.86,58.6206896551724,11.406369885289,-0.208047165421611,0.304489228060344,0.441165729017206,-0.354885349288249,1.50411941885496,1.80356089543206,1.78631270699341,7,6,"2007-07-03","National"
"267","4755","Male",12.8700651246351,NA,NA,44.44,33.29,51.7241379310345,4.99181010355676,-0.803262372644008,-0.000735327827860921,0.525858845971842,-1.08378971944709,-0.0543164819772904,-0.236506646885612,-0.348596772281371,6,5.5,"2007-07-23","National"
"268","4768","Male",13.5741672280859,NA,NA,92.52,59.76,71.875,13.4460531131807,0.3209888445229,0.1601902185312,0.126127807176034,0.259528122732398,-0.0154601513645033,0.0216979201842516,0.242569672233395,15,24,"2006-11-09","IB"
"269","4829","Female",12.9522344486863,NA,NA,87.04,124.23,50,7.24879307595285,0.0603025539421057,-1.60140956261096,-1.43649927864673,0.0301434940697514,-0.8494623561547,-0.775197506227948,-1.01503908863439,10.5,10,"2007-06-26","IB"
"270","4832","Female",12.9056591062205,NA,NA,6.67,16.49,NA,NA,-0.378305902116827,1.64227796393951,1.75342124163255,0.173838547733866,1.07782007808426,0.872834546985022,0.437346582755409,5,5,"2007-07-13","IB"
